Synchronously: 9.777166843414307
Threads: 9.756237030029297
Processes: 2.7656021118164062
